500
1000
9 4
14 8
14 6
19 5
21 11
23 6
28 7
32 2
41 4
43 30
49 42
50 42
50 22
50 13
54 26
57 34
58 44
59 34
60 56
62 16
70 44
71 54
72 46
72 30
75 70
75 13
77 71
81 68
81 24
81 17
82 44
83 46
86 1
87 6
87 36
88 0
88 43
89 9
90 61
91 49
92 48
93 73
95 64
95 94
95 79
96 81
97 68
98 13
99 97
100 91
101 86
102 73
103 99
103 52
105 47
106 1
107 101
111 85
112 64
113 25
113 45
114 36
115 99
118 23
118 79
120 73
121 2
121 75
122 56
123 56
125 24
126 87
127 59
128 15
128 48
129 53
129 93
131 78
134 100
135 20
135 125
136 33
136 36
137 61
137 135
138 71
141 3
141 117
143 27
143 132
144 22
145 11
146 55
146 65
149 52
151 96
152 114
152 58
152 144
154 72
154 133
155 50
156 123
157 67
158 15
158 56
159 135
160 106
161 21
161 125
162 63
163 60
164 107
165 94
165 37
167 127
167 112
168 47
168 86
168 160
169 54
170 124
171 108
172 154
172 38
172 121
173 39
174 53
175 8
175 5
176 148
176 12
178 40
179 130
179 177
180 97
183 64
184 174
184 171
185 17
185 12
186 45
186 120
188 39
189 113
190 173
190 14
190 187
191 28
191 174
192 96
192 25
193 77
193 97
193 101
194 45
194 112
194 153
195 76
196 187
197 34
198 13
199 178
200 49
202 146
203 116
203 91
204 67
204 132
205 66
206 57
207 113
207 6
207 88
208 131
208 28
208 65
209 119
209 181
210 15
211 127
211 89
212 187
212 145
212 142
213 41
213 18
214 118
214 84
216 202
217 163
217 140
218 125
219 29
219 104
219 201
220 64
221 63
222 90
222 199
223 10
224 70
224 80
225 2
225 153
225 120
226 53
226 168
226 145
227 20
227 192
228 190
228 175
229 186
229 106
229 91
230 223
231 185
232 62
233 107
234 221
234 143
235 75
235 142
235 15
236 17
237 180
237 34
237 195
238 58
238 172
239 19
240 129
241 71
241 166
242 123
243 194
243 166
244 144
244 185
244 60
245 200
245 144
246 128
247 149
247 151
247 77
248 150
248 234
251 230
251 239
251 0
252 16
252 94
252 21
253 124
253 68
254 70
254 199
255 93
256 230
256 205
256 4
257 89
257 45
258 66
259 35
259 208
260 116
260 149
261 201
261 150
261 90
262 143
262 250
263 157
263 183
263 247
264 259
264 134
264 240
265 43
265 225
265 179
266 124
267 22
267 11
267 80
267 19
268 164
268 104
269 35
269 14
269 3
270 199
270 181
271 180
271 169
272 29
272 119
272 52
273 264
273 58
273 110
275 243
275 274
276 202
276 38
277 126
277 30
277 216
277 266
278 171
278 48
278 217
279 74
279 162
280 269
280 209
281 102
281 223
281 147
282 12
282 273
283 3
283 214
283 249
284 43
284 102
284 95
285 140
285 233
285 182
286 148
286 40
286 9
287 268
287 47
288 161
288 78
288 38
288 217
289 0
289 164
289 84
290 250
290 196
290 285
291 215
291 46
292 280
292 133
292 170
293 147
293 84
294 17
294 86
294 275
295 69
295 163
296 51
296 47
296 99
298 223
298 116
298 169
299 74
300 218
300 248
300 138
301 233
301 51
301 260
302 27
303 35
303 141
303 88
304 76
305 181
305 270
306 165
306 18
306 138
307 189
307 142
307 8
308 188
308 205
309 72
309 69
309 204
310 94
310 115
310 104
311 297
311 100
311 178
312 152
312 232
313 293
313 182
314 206
314 220
314 201
315 79
316 61
316 10
316 155
317 197
317 237
317 65
318 31
318 177
318 139
319 4
319 303
320 103
320 257
320 38
321 246
321 254
322 255
323 5
323 49
324 41
324 24
325 234
325 236
325 162
326 18
327 137
327 312
327 103
327 281
328 176
329 19
329 321
329 220
329 111
330 156
331 178
331 122
331 92
332 98
332 27
333 227
333 33
333 332
333 7
334 61
335 74
335 27
335 302
336 219
336 200
336 218
336 266
337 308
337 159
338 98
338 181
338 293
339 321
339 122
339 315
340 334
340 0
340 244
341 157
341 174
341 249
342 206
342 183
342 278
343 105
343 85
343 266
343 26
344 33
344 54
344 214
345 215
345 308
345 239
345 8
346 89
346 240
346 242
346 302
348 63
348 198
348 222
349 323
349 309
350 349
350 180
350 108
351 160
351 83
351 193
352 67
352 108
352 85
353 252
353 255
353 51
354 195
354 314
354 188
354 198
355 28
355 350
355 215
356 251
356 248
356 83
357 76
357 212
358 330
358 265
359 231
359 3
359 276
360 166
360 7
360 139
361 302
361 151
361 120
362 126
362 65
363 347
363 160
363 253
363 161
364 130
364 148
364 222
365 195
365 146
365 260
365 98
366 176
366 196
366 133
367 188
367 233
368 16
368 201
369 224
369 368
370 170
370 275
370 82
370 187
371 257
371 206
372 306
372 12
372 117
373 105
373 270
373 274
374 344
374 211
374 134
375 367
375 69
375 312
376 171
376 245
377 30
377 347
377 80
378 182
378 246
378 228
379 316
379 213
379 179
380 358
380 48
380 197
381 258
381 232
381 235
381 263
382 298
382 284
382 362
382 276
383 35
383 338
384 66
384 192
384 282
385 57
385 1
385 62
386 110
386 319
386 334
387 368
387 31
387 115
387 186
388 114
388 101
388 110
388 163
389 37
389 328
389 31
390 291
391 383
391 326
391 31
392 358
392 59
392 215
392 33
393 116
393 132
393 258
393 250
394 375
395 24
395 325
395 390
396 159
396 218
396 305
397 40
397 246
397 307
397 347
398 10
398 279
398 87
398 183
399 109
399 108
399 129
399 112
400 139
400 351
400 229
401 202
401 177
401 158
401 60
402 227
402 155
402 328
403 92
403 366
403 376
403 304
404 18
404 42
405 189
405 330
405 175
405 272
406 220
406 122
406 396
407 386
407 355
407 255
407 369
408 82
408 211
408 111
409 224
409 39
409 245
409 106
410 242
410 22
410 173
410 297
411 204
411 148
411 315
411 337
412 198
412 124
412 149
412 191
413 32
413 258
414 42
414 55
414 362
414 331
415 341
415 184
415 127
416 109
417 16
417 189
417 335
418 32
418 232
418 203
419 77
419 130
419 349
419 29
420 357
420 271
420 167
420 372
421 150
421 364
421 69
421 254
422 330
422 297
422 78
422 118
423 360
424 109
424 128
425 361
425 21
425 301
425 340
426 231
426 423
427 394
427 138
427 173
427 102
428 380
428 9
428 289
429 416
429 274
429 315
430 151
430 76
430 145
430 133
431 37
431 147
431 305
432 110
432 408
432 59
432 166
433 20
433 313
433 96
433 153
434 299
434 5
434 295
435 379
435 51
435 41
435 20
436 324
437 230
437 2
437 268
438 287
438 274
438 339
438 90
439 142
439 238
439 436
439 259
440 66
440 213
440 221
440 141
441 23
441 44
441 26
441 74
442 55
442 431
443 376
443 236
443 25
443 10
444 311
444 300
444 426
445 442
445 93
446 182
446 226
446 117
446 249
447 36
447 262
447 39
448 445
448 310
448 92
449 424
449 162
449 85
450 416
450 322
450 429
450 240
451 79
451 169
451 32
451 249
452 256
452 231
452 369
452 262
453 290
453 304
453 140
453 390
454 324
454 207
454 385
454 241
455 342
455 23
455 184
456 323
456 191
456 391
456 390
457 117
457 445
457 159
457 26
458 322
458 140
458 40
459 52
459 68
459 437
459 153
460 353
460 352
460 123
460 413
461 347
461 115
461 279
462 418
462 83
462 80
462 73
463 318
463 458
463 282
463 150
464 304
464 62
464 155
464 111
465 447
465 448
465 200
465 216
466 334
466 287
466 164
467 424
467 221
467 210
467 132
468 357
468 11
468 313
468 394
469 1
469 37
469 383
469 197
470 177
470 444
470 236
470 295
471 134
471 371
471 367
471 139
472 119
472 436
472 130
472 238
473 389
473 326
473 84
473 53
474 136
474 415
474 402
474 283
475 261
475 131
475 63
475 7
476 209
476 328
476 104
476 250
477 319
477 29
477 154
477 377
478 406
478 210
478 299
478 167
479 400
479 371
479 436
479 147
480 317
480 46
480 332
480 395
481 423
481 216
481 466
481 286
482 156
482 228
482 348
482 241
483 423
483 210
483 404
483 449
484 296
484 137
484 205
484 426
485 428
485 100
485 384
486 280
486 196
486 126
486 119
487 242
487 165
487 114
488 394
488 487
488 326
488 136
489 294
489 105
489 243
490 239
490 157
490 121
490 25
491 373
491 417
491 374
491 320
492 434
492 131
492 271
492 82
493 461
493 55
493 291
493 455
494 489
494 404
494 359
494 107
495 292
495 322
495 158
495 67
496 57
496 156
496 109
496 378
497 337
497 416
497 356
497 253
498 78
498 299
498 442
498 413
499 297
499 170
499 203
499 485